# https://goo.gl/p1UZlp

MEJOR TRADICIONAL

44917520
[43, 95, 153, 237, 42, 228, 98, 65, 196, 192, 118, 79, 179, 234, 25, 243, 195, 7, 116, 22, 130, 68, 143, 111, 38, 210, 91, 125, 75, 202, 158, 5, 41, 96, 40, 253, 33, 105, 240, 87, 216, 13, 201, 47, 93, 37, 209, 206, 128, 83, 122, 163, 156, 252, 71, 101, 17, 129, 109, 184, 77, 149, 31, 171, 39, 144, 212, 29, 135, 35, 176, 45, 200, 221, 36, 97, 244, 74, 142, 187, 190, 58, 226, 150, 88, 100, 224, 242, 28, 112, 177, 48, 182, 139, 10, 251, 69, 174, 23, 235, 181, 85, 167, 66, 189, 204, 50, 229, 220, 3, 108, 164, 121, 46, 152, 51, 186, 114, 60, 233, 248, 16, 214, 222, 52, 137, 76, 157, 102, 203, 6, 131, 99, 59, 168, 245, 18, 169, 183, 55, 115, 132, 213, 32, 199, 80, 124, 92, 89, 161, 241, 78, 113, 148, 30, 162, 34, 249, 26, 127, 57, 247, 49, 232, 191, 15, 254, 180, 117, 86, 250, 119, 218, 53, 198, 255, 160, 2, 172, 165, 0, 141, 82, 106, 4, 146, 227, 61, 94, 104, 56, 110, 123, 154, 223, 12, 185, 126, 107, 54, 178, 145, 24, 166, 19, 136, 236, 44, 9, 120, 63, 205, 81, 219, 8, 103, 217, 67, 159, 62, 188, 207, 70, 225, 231, 21, 175, 64, 133, 14, 246, 134, 1, 238, 73, 239, 11, 215, 230, 27, 197, 138, 20, 193, 140, 155, 72, 173, 147, 90, 170, 211, 151, 84, 194, 208]

**************************************************

MEJOR BALWIND

46206402
[197, 207, 7, 214, 224, 58, 227, 171, 32, 93, 18, 250, 153, 77, 131, 74, 248, 39, 105, 199, 2, 109, 210, 41, 100, 40, 189, 238, 78, 137, 142, 118, 254, 119, 19, 90, 239, 50, 159, 176, 26, 130, 172, 33, 132, 81, 134, 91, 161, 53, 187, 203, 65, 122, 37, 128, 198, 17, 236, 106, 66, 182, 243, 83, 89, 113, 206, 99, 20, 154, 168, 234, 158, 162, 63, 6, 229, 87, 253, 164, 223, 125, 75, 60, 244, 56, 211, 9, 138, 62, 232, 221, 44, 242, 48, 177, 72, 200, 115, 241, 247, 29, 135, 94, 42, 204, 192, 25, 126, 101, 51, 179, 10, 237, 28, 163, 23, 124, 22, 209, 175, 79, 208, 220, 16, 139, 195, 157, 104, 121, 107, 59, 196, 27, 151, 55, 228, 86, 127, 166, 170, 152, 69, 24, 133, 64, 67, 225, 148, 97, 31, 188, 181, 96, 246, 47, 173, 57, 140, 146, 11, 116, 92, 95, 0, 235, 129, 15, 1, 252, 5, 217, 117, 108, 46, 112, 143, 141, 21, 52, 219, 54, 102, 230, 169, 38, 120, 61, 111, 205, 103, 213, 82, 215, 201, 136, 145, 13, 233, 156, 4, 110, 45, 155, 30, 190, 85, 216, 184, 12, 191, 76, 70, 160, 88, 8, 231, 98, 180, 3, 193, 226, 249, 84, 49, 165, 35, 194, 123, 149, 150, 167, 73, 34, 178, 174, 255, 36, 222, 147, 68, 183, 114, 144, 14, 202, 80, 186, 240, 218, 185, 43, 251, 245, 71, 212]

**************************************************

MEJOR LAMARCK

44922934
[143, 85, 124, 67, 231, 51, 183, 90, 173, 232, 39, 144, 1, 121, 210, 44, 20, 227, 142, 111, 70, 252, 2, 247, 154, 14, 170, 209, 133, 68, 194, 178, 213, 45, 202, 4, 219, 113, 197, 137, 7, 255, 22, 224, 40, 115, 49, 176, 195, 251, 66, 179, 101, 25, 130, 61, 253, 46, 156, 87, 216, 13, 112, 73, 37, 181, 228, 122, 75, 119, 6, 118, 246, 128, 249, 211, 8, 163, 191, 215, 214, 58, 200, 29, 207, 77, 243, 91, 221, 36, 201, 64, 149, 96, 28, 153, 140, 226, 65, 132, 138, 198, 254, 166, 88, 93, 83, 139, 69, 234, 220, 41, 15, 172, 99, 23, 235, 48, 98, 12, 204, 189, 146, 42, 104, 57, 100, 147, 238, 53, 120, 108, 17, 188, 5, 248, 10, 180, 34, 97, 95, 203, 33, 105, 76, 103, 184, 81, 131, 190, 152, 168, 245, 18, 229, 55, 199, 32, 167, 225, 244, 242, 80, 177, 92, 89, 171, 30, 114, 162, 50, 157, 74, 94, 148, 86, 117, 31, 185, 134, 79, 151, 60, 158, 175, 71, 250, 223, 165, 35, 161, 160, 63, 212, 62, 186, 169, 9, 155, 174, 82, 222, 56, 192, 52, 109, 47, 127, 129, 236, 116, 38, 233, 230, 16, 136, 123, 0, 206, 110, 159, 11, 239, 3, 217, 19, 102, 218, 27, 150, 135, 21, 145, 193, 72, 240, 54, 187, 126, 208, 84, 106, 26, 205, 241, 196, 43, 107, 59, 125, 237, 78, 141, 164, 24, 182]